0 1 37
0 10 15
0 99 10
1 0 37
1 21 12
1 65 12
1 70 12
1 110 12
2 144 19
2 51 15
2 67 11
2 114 12
3 144 27
4 5 10
5 4 10
5 11 11
5 144 16
6 11 39
6 7 25
7 6 25
8 13 15
8 96 12
9 13 30
10 0 15
10 11 25
10 13 35
10 97 14
10 101 21
11 5 11
11 6 39
11 10 25
12 30 54
13 8 15
13 9 30
13 10 35
13 119 19
14 17 34
14 141 15
15 132 36
15 18 95
15 19 21
16 51 13
17 14 34
17 136 30
17 133 6
17 134 28
17 143 18
18 15 95
19 15 21
20 23 23
21 1 12
21 81 53
22 23 27
23 20 23
23 22 27
23 151 50
24 81 35
25 81 37
26 81 42
27 81 41
28 140 16
28 29 12
29 28 12
30 12 54
30 119 62
30 118 66
31 119 16
32 35 15
33 74 62
34 119 10
35 32 15
35 74 21
36 73 52
37 73 52
38 74 37
39 124 21
40 142 48
41 142 89
42 142 2
43 142 52
44 142 24
45 49 31
46 142 18
47 142 4
48 49 38
49 45 31
49 48 38
49 129 45
50 51 28
50 52 28
50 56 52
50 58 22
51 16 13
51 50 28
51 2 15
51 53 29
51 92 21
51 127 95
51 136 30
52 50 28
53 51 29
54 139 51
54 140 17
55 140 17
56 50 52
56 57 39
57 56 39
58 50 22
58 59 25
59 58 25
60 144 59
60 128 59
61 81 47
62 115 56
62 94 57
63 125 20
63 126 12
64 126 20
64 72 4
65 1 12
65 66 12
66 65 12
66 68 19
67 2 11
67 69 12
68 66 19
68 108 81
69 67 12
70 1 12
70 71 11
70 152 11
71 70 11
71 87 12
72 64 4
73 36 52
73 37 52
73 117 53
73 120 52
74 33 62
74 35 21
74 38 37
74 117 74
74 125 22
75 140 46
76 140 26
76 77 11
77 76 11
77 150 12
78 115 65
79 84 48
79 122 48
79 137 46
80 137 30
81 24 35
81 25 37
81 26 42
81 27 41
81 61 47
81 21 53
81 93 18
81 107 39
82 123 27
82 83 15
82 84 12
82 138 26
83 82 15
84 79 48
84 82 12
85 123 93
86 121 27
86 151 55
87 71 12
87 88 12
87 89 10
88 87 12
89 87 10
90 138 75
91 140 58
92 51 21
93 81 18
94 62 57
95 107 34
96 8 12
96 103 12
97 10 14
97 100 99
98 101 16
99 0 10
99 102 13
100 97 99
100 113 12
101 98 16
101 10 21
101 104 64
102 99 13
103 96 12
104 101 64
105 108 36
105 106 23
106 105 23
107 95 34
107 81 39
107 111 69
108 105 36
108 68 81
109 112 47
110 1 12
111 107 69
111 112 60
112 109 47
112 111 60
113 100 12
114 2 12
115 62 56
115 78 65
115 139 20
116 142 76
117 73 53
117 74 74
117 118 11
118 117 11
118 30 66
118 139 39
119 30 62
119 31 16
119 34 10
119 13 19
120 73 52
121 86 27
121 148 96
122 79 48
123 82 27
123 85 93
123 139 39
123 124 11
123 145 17
124 39 21
124 123 11
125 63 20
125 74 22
126 64 20
126 63 12
127 51 95
128 60 59
129 49 45
129 131 15
130 143 22
131 129 15
131 143 25
132 15 36
132 143 15
133 17 6
134 17 28
135 136 30
136 17 30
136 135 30
136 51 30
137 80 30
137 79 46
138 90 75
138 82 26
139 54 51
139 115 20
139 123 39
139 118 39
139 146 20
139 149 11
140 28 16
140 55 17
140 75 46
140 76 26
140 91 58
140 54 17
140 142 32
141 14 15
142 40 48
142 41 89
142 42 2
142 43 52
142 44 24
142 46 18
142 47 4
142 116 76
142 140 32
143 130 22
143 131 25
143 132 15
143 17 18
144 2 19
144 3 27
144 60 59
144 5 16
145 123 17
146 139 20
146 147 92
147 146 92
148 121 96
148 149 25
149 148 25
149 139 11
150 77 12
151 23 50
151 86 55
152 70 11
